month,Year,District,SAFETY,crime
1,2018,1.0,68.7375,1250
1,2018,2.0,60.730000000000004,914
1,2018,3.0,58.1125,981
1,2018,4.0,57.2325,1055
1,2018,5.0,57.322500000000005,847
1,2018,6.0,58.47,1236
1,2018,7.0,62.3875,1054
1,2018,8.0,62.58,1250
1,2018,9.0,58.45,841
1,2018,10.0,59.905,938
1,2018,11.0,62.38,1451
1,2018,12.0,58.615,923
1,2018,14.0,66.9825,655
1,2018,15.0,58.4425,748
1,2018,16.0,69.72200000000001,769
1,2018,17.0,68.8175,637
1,2018,18.0,70.82249999999999,1303
1,2018,19.0,71.96249999999999,904
1,2018,20.0,69.9575,405
1,2018,22.0,63.3425,666
1,2018,24.0,67.2375,590
1,2018,25.0,61.58166666666667,1124
1,2019,1.0,68.9175,1181
1,2019,2.0,56.212500000000006,849
1,2019,3.0,46.07,931
1,2019,4.0,52.2375,1046
1,2019,5.0,50.84,880
1,2019,6.0,47.93,1196
1,2019,7.0,49.83,966
1,2019,8.0,56.99,1213
1,2019,9.0,51.035,771
1,2019,10.0,48.54,999
1,2019,11.0,50.7,1511
1,2019,12.0,65.17750000000001,992
1,2019,14.0,66.4175,673
1,2019,15.0,58.0,726
1,2019,16.0,69.712,682
1,2019,17.0,66.2225,524
1,2019,18.0,70.85249999999999,1184
1,2019,19.0,69.6225,850
1,2019,20.0,70.8375,359
1,2019,22.0,61.5925,616
1,2019,24.0,62.74,562
1,2019,25.0,59.94,1011
1,2020,1.0,57.394999999999996,1071
1,2020,2.0,58.39,813
1,2020,3.0,54.2125,1035
1,2020,4.0,51.8475,1083
1,2020,5.0,53.58,884
1,2020,6.0,52.4375,1263
1,2020,7.0,45.41,1066
1,2020,8.0,58.667500000000004,1259
1,2020,9.0,57.57,882
1,2020,10.0,50.1725,969
1,2020,11.0,52.51,1305
1,2020,12.0,57.77,931
1,2020,14.0,62.5175,701
1,2020,15.0,48.6025,851
1,2020,16.0,65.65599999999999,632
1,2020,17.0,60.68,570
1,2020,18.0,61.28,1079
1,2020,19.0,63.1025,952
1,2020,20.0,67.32,331
1,2020,22.0,60.9775,615
1,2020,24.0,59.0725,626
1,2020,25.0,59.10833333333333,974
1,2021,1.0,48.9925,531
1,2021,2.0,53.347500000000004,707
1,2021,3.0,44.7975,893
1,2021,4.0,49.81,978
1,2021,5.0,48.6225,796
1,2021,6.0,49.3825,1069
1,2021,7.0,40.0,825
1,2021,8.0,51.6225,1062
1,2021,9.0,54.192499999999995,707
1,2021,10.0,48.36,673
1,2021,11.0,49.0125,1065
1,2021,12.0,50.8975,763
1,2021,14.0,62.8775,513
1,2021,15.0,40.6475,625
1,2021,16.0,62.370000000000005,784
1,2021,17.0,61.28,458
1,2021,18.0,54.485,630
1,2021,19.0,62.3425,720
1,2021,20.0,65.6175,315
1,2021,22.0,53.92,608
1,2021,24.0,58.69,559
1,2021,25.0,57.10666666666666,838
2,2018,1.0,73.825,1089
2,2018,2.0,63.2725,776
2,2018,3.0,59.01,781
2,2018,4.0,57.07,964
2,2018,5.0,60.795,714
2,2018,6.0,55.7425,1068
2,2018,7.0,61.08,862
2,2018,8.0,63.612500000000004,1128
2,2018,9.0,49.42,726
2,2018,10.0,66.4125,825
2,2018,11.0,63.67,1196
2,2018,12.0,63.8175,784
2,2018,14.0,68.06,560
2,2018,15.0,55.73,645
2,2018,16.0,70.34200000000001,593
2,2018,17.0,69.05,524
2,2018,18.0,71.3725,987
2,2018,19.0,71.3425,792
2,2018,20.0,70.0425,323
2,2018,22.0,63.1075,565
2,2018,24.0,68.96,518
2,2018,25.0,57.578333333333326,939
2,2019,1.0,70.8,1140
2,2019,2.0,60.0625,781
2,2019,3.0,47.435,896
2,2019,4.0,51.65,955
2,2019,5.0,50.88,774
2,2019,6.0,50.92,1190
2,2019,7.0,50.1875,974
2,2019,8.0,58.385,1180
2,2019,9.0,51.8775,764
2,2019,10.0,46.519999999999996,849
2,2019,11.0,50.1325,1346
2,2019,12.0,63.74,935
2,2019,14.0,66.1925,583
2,2019,15.0,50.7025,645
2,2019,16.0,72.418,631
2,2019,17.0,66.96000000000001,495
2,2019,18.0,72.67750000000001,1133
2,2019,19.0,71.3275,759
2,2019,20.0,69.5225,331
2,2019,22.0,62.41,576
2,2019,24.0,61.8975,556
2,2019,25.0,60.169999999999995,936
2,2020,1.0,59.19,992
2,2020,2.0,60.1175,764
2,2020,3.0,54.01,909
2,2020,4.0,56.34,949
2,2020,5.0,50.667500000000004,785
2,2020,6.0,57.02,1172
2,2020,7.0,50.5975,878
2,2020,8.0,59.28,1107
2,2020,9.0,56.8025,826
2,2020,10.0,50.225,915
2,2020,11.0,54.2675,1356
2,2020,12.0,53.8575,965
2,2020,14.0,55.9675,578
2,2020,15.0,47.2425,694
2,2020,16.0,66.238,618
2,2020,17.0,63.542500000000004,477
2,2020,18.0,61.1825,1026
2,2020,19.0,63.9225,828
2,2020,20.0,62.68,348
2,2020,22.0,61.275,531
2,2020,24.0,58.912499999999994,568
2,2020,25.0,63.19,894
2,2021,1.0,51.79,457
2,2021,2.0,48.5025,585
2,2021,3.0,41.89,666
2,2021,4.0,48.2425,773
2,2021,5.0,43.39,605
2,2021,6.0,43.2275,882
2,2021,7.0,40.085,616
2,2021,8.0,46.39,888
2,2021,9.0,48.7525,590
2,2021,10.0,44.667500000000004,594
2,2021,11.0,47.21,1024
2,2021,12.0,46.9825,638
2,2021,14.0,62.48,394
2,2021,15.0,35.2375,467
2,2021,16.0,65.288,565
2,2021,17.0,58.769999999999996,375
2,2021,18.0,48.74,494
2,2021,19.0,60.42,505
2,2021,20.0,65.4175,273
2,2021,22.0,53.905,484
2,2021,24.0,57.26,439
2,2021,25.0,51.800000000000004,747
3,2018,1.0,71.74,1241
3,2018,2.0,63.5325,955
3,2018,3.0,61.4325,945
3,2018,4.0,58.792500000000004,1112
3,2018,5.0,60.915,980
3,2018,6.0,56.292500000000004,1261
3,2018,7.0,56.667500000000004,1116
3,2018,8.0,62.7,1326
3,2018,9.0,52.667500000000004,924
3,2018,10.0,61.7975,986
3,2018,11.0,62.1875,1562
3,2018,12.0,65.4325,994
3,2018,14.0,68.38,661
3,2018,15.0,58.302499999999995,891
3,2018,16.0,69.424,780
3,2018,17.0,70.6575,645
3,2018,18.0,71.5875,1166
3,2018,19.0,70.7525,899
3,2018,20.0,70.07249999999999,371
3,2018,22.0,67.005,706
3,2018,24.0,67.6275,648
3,2018,25.0,58.001666666666665,1074
3,2019,1.0,69.42,1191
3,2019,2.0,60.1225,868
3,2019,3.0,49.652499999999996,977
3,2019,4.0,53.4425,1140
3,2019,5.0,52.07,869
3,2019,6.0,49.9975,1270
3,2019,7.0,52.82,1035
3,2019,8.0,58.22,1189
3,2019,9.0,54.6975,896
3,2019,10.0,53.0075,1030
3,2019,11.0,48.697500000000005,1540
3,2019,12.0,64.41,1013
3,2019,14.0,66.26,717
3,2019,15.0,48.0175,829
3,2019,16.0,75.64200000000001,654
3,2019,17.0,70.51,507
3,2019,18.0,70.2825,1190
3,2019,19.0,69.4725,928
3,2019,20.0,72.315,316
3,2019,22.0,64.98,652
3,2019,24.0,66.19,623
3,2019,25.0,57.00666666666667,1011
3,2020,1.0,59.902499999999996,672
3,2020,2.0,59.27,736
3,2020,3.0,55.9875,813
3,2020,4.0,60.455,989
3,2020,5.0,51.95,789
3,2020,6.0,52.9875,1157
3,2020,7.0,53.1575,898
3,2020,8.0,58.2125,1066
3,2020,9.0,52.76,752
3,2020,10.0,50.04,810
3,2020,11.0,54.1575,1217
3,2020,12.0,58.1425,776
3,2020,14.0,58.67,505
3,2020,15.0,52.75,748
3,2020,16.0,69.15,567
3,2020,17.0,64.53,467
3,2020,18.0,61.43,748
3,2020,19.0,63.8575,708
3,2020,20.0,64.9375,298
3,2020,22.0,58.5275,538
3,2020,24.0,58.33,573
3,2020,25.0,62.73666666666666,908
3,2021,1.0,52.2425,514
3,2021,2.0,46.3,705
3,2021,3.0,46.84,900
3,2021,4.0,51.96,998
3,2021,5.0,41.2675,765
3,2021,6.0,41.42,1194
3,2021,7.0,46.8925,822
3,2021,8.0,47.405,1001
3,2021,9.0,41.6075,646
3,2021,10.0,45.315,707
3,2021,11.0,45.78,1308
3,2021,12.0,48.2275,746
3,2021,14.0,60.224999999999994,569
3,2021,15.0,42.84,722
3,2021,16.0,62.946000000000005,612
3,2021,17.0,58.3575,417
3,2021,18.0,49.36,566
3,2021,19.0,62.09,615
3,2021,20.0,65.335,321
3,2021,22.0,55.807500000000005,517
3,2021,24.0,57.4375,516
3,2021,25.0,52.946666666666665,910
4,2018,1.0,70.8325,1253
4,2018,2.0,63.9625,932
4,2018,3.0,59.9225,942
4,2018,4.0,57.88,1162
4,2018,5.0,60.0925,1039
4,2018,6.0,56.85,1231
4,2018,7.0,56.8625,1144
4,2018,8.0,60.737500000000004,1280
4,2018,9.0,58.93,844
4,2018,10.0,49.5075,931
4,2018,11.0,59.5975,1540
4,2018,12.0,65.62,1048
4,2018,14.0,66.7325,756
4,2018,15.0,57.35,772
4,2018,16.0,67.494,677
4,2018,17.0,69.82,640
4,2018,18.0,70.71,1283
4,2018,19.0,69.9375,968
4,2018,20.0,68.5975,327
4,2018,22.0,65.02,715
4,2018,24.0,66.8725,545
4,2018,25.0,62.92666666666667,1119
4,2019,1.0,68.31,1224
4,2019,2.0,61.487500000000004,839
4,2019,3.0,50.3,1043
4,2019,4.0,54.1375,1097
4,2019,5.0,54.6575,939
4,2019,6.0,46.442499999999995,1341
4,2019,7.0,46.995,1122
4,2019,8.0,59.4275,1233
4,2019,9.0,55.4925,865
4,2019,10.0,52.8375,1045
4,2019,11.0,47.6075,1688
4,2019,12.0,63.65,904
4,2019,14.0,68.3375,656
4,2019,15.0,49.8375,852
4,2019,16.0,73.534,750
4,2019,17.0,71.0825,572
4,2019,18.0,68.24,1231
4,2019,19.0,70.655,969
4,2019,20.0,69.31,362
4,2019,22.0,65.9925,662
4,2019,24.0,67.185,576
4,2019,25.0,55.73333333333333,1060
4,2020,1.0,65.7025,402
4,2020,2.0,59.605000000000004,578
4,2020,3.0,53.2325,725
4,2020,4.0,61.05,756
4,2020,5.0,52.730000000000004,677
4,2020,6.0,56.2575,889
4,2020,7.0,53.26,756
4,2020,8.0,60.79,858
4,2020,9.0,52.12,621
4,2020,10.0,49.5275,683
4,2020,11.0,48.042500000000004,857
4,2020,12.0,61.6025,570
4,2020,14.0,57.682500000000005,374
4,2020,15.0,47.57,542
4,2020,16.0,73.014,401
4,2020,17.0,67.8025,423
4,2020,18.0,66.37,365
4,2020,19.0,66.9575,585
4,2020,20.0,67.11,289
4,2020,22.0,60.9075,430
4,2020,24.0,63.3725,401
4,2020,25.0,63.31999999999999,730
4,2021,1.0,52.8,591
4,2021,2.0,48.652499999999996,671
4,2021,3.0,43.942499999999995,802
4,2021,4.0,55.7975,1001
4,2021,5.0,41.6825,753
4,2021,6.0,35.09,1036
4,2021,7.0,46.582499999999996,928
4,2021,8.0,50.83,942
4,2021,9.0,46.78,660
4,2021,10.0,47.6775,686
4,2021,11.0,44.35,1228
4,2021,12.0,55.78,683
4,2021,14.0,55.58,466
4,2021,15.0,45.1725,655
4,2021,16.0,62.02,556
4,2021,17.0,61.6,406
4,2021,18.0,51.14,560
4,2021,19.0,62.184999999999995,660
4,2021,20.0,66.6975,322
4,2021,22.0,56.665,585
4,2021,24.0,53.58,507
4,2021,25.0,55.501666666666665,826
5,2018,1.0,72.1975,1480
5,2018,2.0,63.7525,1167
5,2018,3.0,65.3825,1147
5,2018,4.0,57.5175,1275
5,2018,5.0,56.042500000000004,1152
5,2018,6.0,60.795,1558
5,2018,7.0,53.705,1394
5,2018,8.0,62.2025,1500
5,2018,9.0,62.235,1039
5,2018,10.0,49.042500000000004,1144
5,2018,11.0,61.04,1847
5,2018,12.0,62.2375,1180
5,2018,14.0,62.3225,852
5,2018,15.0,53.2675,1003
5,2018,16.0,68.09200000000001,757
5,2018,17.0,67.32,693
5,2018,18.0,70.52,1467
5,2018,19.0,72.2125,1018
5,2018,20.0,66.0025,407
5,2018,22.0,64.0925,843
5,2018,24.0,65.4375,634
5,2018,25.0,59.348333333333336,1191
5,2019,1.0,72.5675,1376
5,2019,2.0,61.550000000000004,1022
5,2019,3.0,49.9,1220
5,2019,4.0,55.97,1307
5,2019,5.0,48.495,1091
5,2019,6.0,52.79,1568
5,2019,7.0,40.912499999999994,1301
5,2019,8.0,54.75,1355
5,2019,9.0,56.3225,1006
5,2019,10.0,54.26,1094
5,2019,11.0,45.082499999999996,1738
5,2019,12.0,64.74,1172
5,2019,14.0,66.86,808
5,2019,15.0,43.5275,910
5,2019,16.0,70.88199999999999,732
5,2019,17.0,68.7025,551
5,2019,18.0,67.92750000000001,1337
5,2019,19.0,69.0225,1007
5,2019,20.0,67.2125,393
5,2019,22.0,61.8575,781
5,2019,24.0,67.6875,769
5,2019,25.0,61.21333333333333,1129
5,2020,1.0,62.315,757
5,2020,2.0,62.6825,789
5,2020,3.0,52.9825,959
5,2020,4.0,53.88,1033
5,2020,5.0,61.2675,934
5,2020,6.0,53.1425,1268
5,2020,7.0,51.5875,1127
5,2020,8.0,55.79,1088
5,2020,9.0,57.197500000000005,711
5,2020,10.0,50.9925,844
5,2020,11.0,51.85,1331
5,2020,12.0,63.7825,751
5,2020,14.0,64.91,548
5,2020,15.0,53.92,799
5,2020,16.0,71.838,505
5,2020,17.0,66.14750000000001,431
5,2020,18.0,60.985,646
5,2020,19.0,72.3425,680
5,2020,20.0,72.30250000000001,285
5,2020,22.0,60.985,669
5,2020,24.0,67.0875,465
5,2020,25.0,61.40166666666667,972
5,2021,1.0,56.12,704
5,2021,2.0,44.9525,760
5,2021,3.0,51.9275,966
5,2021,4.0,51.6025,1023
5,2021,5.0,44.3375,878
5,2021,6.0,37.4625,1190
5,2021,7.0,47.575,1017
5,2021,8.0,52.64,1067
5,2021,9.0,53.7275,746
5,2021,10.0,46.09,848
5,2021,11.0,41.2925,1323
5,2021,12.0,53.942499999999995,892
5,2021,14.0,59.1775,578
5,2021,15.0,54.2425,753
5,2021,16.0,64.2,643
5,2021,17.0,61.6725,445
5,2021,18.0,57.037499999999994,756
5,2021,19.0,64.2025,756
5,2021,20.0,68.79,342
5,2021,22.0,53.43,572
5,2021,24.0,61.895,553
5,2021,25.0,60.08166666666667,936
6,2018,1.0,70.5375,1390
6,2018,2.0,53.92,1148
6,2018,3.0,62.64,1164
6,2018,4.0,54.1725,1276
6,2018,5.0,53.6475,1179
6,2018,6.0,59.864999999999995,1502
6,2018,7.0,47.31,1265
6,2018,8.0,59.385,1483
6,2018,9.0,61.585,1050
6,2018,10.0,43.79,1156
6,2018,11.0,58.4975,1726
6,2018,12.0,63.785,1175
6,2018,14.0,63.99,842
6,2018,15.0,51.2425,895
6,2018,16.0,70.25,746
6,2018,17.0,66.7675,673
6,2018,18.0,72.1,1441
6,2018,19.0,68.555,1112
6,2018,20.0,70.345,450
6,2018,22.0,60.2825,808
6,2018,24.0,68.9375,674
6,2018,25.0,58.71333333333333,1093
6,2019,1.0,72.0925,1382
6,2019,2.0,57.6075,1095
6,2019,3.0,47.075,1087
6,2019,4.0,51.4125,1316
6,2019,5.0,46.485,1030
6,2019,6.0,49.65,1568
6,2019,7.0,47.317499999999995,1246
6,2019,8.0,56.2325,1316
6,2019,9.0,56.84,966
6,2019,10.0,53.4275,1077
6,2019,11.0,49.26,1650
6,2019,12.0,60.4675,1165
6,2019,14.0,63.75,960
6,2019,15.0,48.19,890
6,2019,16.0,69.03,719
6,2019,17.0,64.3325,560
6,2019,18.0,70.74,1433
6,2019,19.0,68.1925,1232
6,2019,20.0,68.1,425
6,2019,22.0,60.56,723
6,2019,24.0,66.16499999999999,699
6,2019,25.0,57.678333333333335,1087
6,2020,1.0,62.35,508
6,2020,2.0,58.7525,814
6,2020,3.0,47.465,979
6,2020,4.0,50.4075,1049
6,2020,5.0,53.82,891
6,2020,6.0,56.0225,1226
6,2020,7.0,44.76,1049
6,2020,8.0,54.065,1144
6,2020,9.0,50.3175,805
6,2020,10.0,45.8875,834
6,2020,11.0,47.7475,1283
6,2020,12.0,62.7275,792
6,2020,14.0,56.504999999999995,569
6,2020,15.0,46.379999999999995,813
6,2020,16.0,69.05199999999999,602
6,2020,17.0,62.47,479
6,2020,18.0,61.542500000000004,556
6,2020,19.0,65.6425,779
6,2020,20.0,70.00750000000001,356
6,2020,22.0,61.542500000000004,635
6,2020,24.0,66.64,569
6,2020,25.0,57.336666666666666,909
6,2021,1.0,56.0075,838
6,2021,2.0,50.9625,868
6,2021,3.0,56.7525,950
6,2021,4.0,52.5875,1176
6,2021,5.0,39.870000000000005,869
6,2021,6.0,46.4825,1230
6,2021,7.0,44.519999999999996,1088
6,2021,8.0,57.3775,1086
6,2021,9.0,54.3825,787
6,2021,10.0,49.9625,883
6,2021,11.0,42.57,1350
6,2021,12.0,52.405,905
6,2021,14.0,64.325,581
6,2021,15.0,64.125,737
6,2021,16.0,64.752,704
6,2021,17.0,64.7975,431
6,2021,18.0,58.66,893
6,2021,19.0,65.36500000000001,840
6,2021,20.0,67.37,354
6,2021,22.0,55.06,616
6,2021,24.0,61.495000000000005,615
6,2021,25.0,62.88166666666667,952
7,2018,1.0,69.675,1392
7,2018,2.0,58.09,1164
7,2018,3.0,60.57,1112
7,2018,4.0,58.0625,1288
7,2018,5.0,54.7075,1142
7,2018,6.0,56.9625,1587
7,2018,7.0,54.575,1442
7,2018,8.0,60.052499999999995,1589
7,2018,9.0,59.582499999999996,1099
7,2018,10.0,48.93,1177
7,2018,11.0,56.18,1745
7,2018,12.0,65.08,1228
7,2018,14.0,67.01,860
7,2018,15.0,53.239999999999995,1010
7,2018,16.0,72.026,735
7,2018,17.0,67.82249999999999,679
7,2018,18.0,72.5575,1525
7,2018,19.0,71.2925,1162
7,2018,20.0,71.1925,470
7,2018,22.0,65.61,798
7,2018,24.0,70.0125,778
7,2018,25.0,60.08166666666667,1293
7,2019,1.0,72.9,1390
7,2019,2.0,56.847500000000004,1030
7,2019,3.0,47.16,1213
7,2019,4.0,52.4475,1382
7,2019,5.0,49.2325,1129
7,2019,6.0,47.7,1673
7,2019,7.0,51.8825,1368
7,2019,8.0,54.1825,1438
7,2019,9.0,52.7975,1062
7,2019,10.0,51.879999999999995,1162
7,2019,11.0,49.8075,1837
7,2019,12.0,57.81,1244
7,2019,14.0,62.1075,909
7,2019,15.0,46.87,1008
7,2019,16.0,69.988,770
7,2019,17.0,64.6825,613
7,2019,18.0,68.9925,1423
7,2019,19.0,67.52250000000001,1093
7,2019,20.0,68.9625,416
7,2019,22.0,62.65,753
7,2019,24.0,65.48,775
7,2019,25.0,62.13,1182
7,2020,1.0,58.3,734
7,2020,2.0,56.4075,885
7,2020,3.0,46.6925,1043
7,2020,4.0,48.43,1197
7,2020,5.0,56.75,926
7,2020,6.0,51.667500000000004,1347
7,2020,7.0,47.25,1207
7,2020,8.0,54.0175,1214
7,2020,9.0,51.8425,897
7,2020,10.0,42.47,932
7,2020,11.0,43.26,1391
7,2020,12.0,56.207499999999996,931
7,2020,14.0,54.46,553
7,2020,15.0,36.6725,844
7,2020,16.0,67.31,665
7,2020,17.0,63.5,509
7,2020,18.0,58.1175,795
7,2020,19.0,61.4325,892
7,2020,20.0,69.5825,403
7,2020,22.0,60.11,633
7,2020,24.0,65.9225,635
7,2020,25.0,53.73166666666666,986
7,2021,1.0,53.2775,1158
7,2021,2.0,52.6075,872
7,2021,3.0,57.9475,935
7,2021,4.0,49.1525,1128
7,2021,5.0,44.8225,925
7,2021,6.0,51.197500000000005,1235
7,2021,7.0,46.7275,997
7,2021,8.0,57.25,1133
7,2021,9.0,57.985,848
7,2021,10.0,48.177499999999995,805
7,2021,11.0,44.48,1186
7,2021,12.0,56.6275,968
7,2021,14.0,62.3775,617
7,2021,15.0,62.57,707
7,2021,16.0,60.688,681
7,2021,17.0,64.38,541
7,2021,18.0,53.8125,1010
7,2021,19.0,63.6775,942
7,2021,20.0,62.3,361
7,2021,22.0,56.1675,635
7,2021,24.0,60.19,532
7,2021,25.0,60.373333333333335,943
8,2018,1.0,69.63,1583
8,2018,2.0,57.0625,1080
8,2018,3.0,52.2975,1170
8,2018,4.0,53.417500000000004,1396
8,2018,5.0,53.8725,1158
8,2018,6.0,51.42,1570
8,2018,7.0,49.935,1446
8,2018,8.0,58.26,1527
8,2018,9.0,54.9,1002
8,2018,10.0,49.14,1192
8,2018,11.0,48.925,1844
8,2018,12.0,62.7575,1288
8,2018,14.0,67.59,851
8,2018,15.0,55.36,926
8,2018,16.0,71.80199999999999,802
8,2018,17.0,67.84,647
8,2018,18.0,70.4125,1583
8,2018,19.0,69.65,1201
8,2018,20.0,69.0975,485
8,2018,22.0,60.462500000000006,738
8,2018,24.0,67.185,788
8,2018,25.0,58.89000000000001,1191
8,2019,1.0,65.22,1488
8,2019,2.0,57.1525,1033
8,2019,3.0,51.295,1139
8,2019,4.0,52.7325,1226
8,2019,5.0,51.0775,1032
8,2019,6.0,45.6325,1585
8,2019,7.0,49.8875,1256
8,2019,8.0,52.84,1537
8,2019,9.0,50.8425,1046
8,2019,10.0,54.9025,1216
8,2019,11.0,42.042500000000004,1792
8,2019,12.0,56.0,1295
8,2019,14.0,62.3525,847
8,2019,15.0,46.5225,912
8,2019,16.0,69.82000000000001,725
8,2019,17.0,63.86,669
8,2019,18.0,64.18,1332
8,2019,19.0,65.5275,1093
8,2019,20.0,66.155,414
8,2019,22.0,63.2175,772
8,2019,24.0,63.695,798
8,2019,25.0,58.321666666666665,1220
8,2020,1.0,47.932500000000005,817
8,2020,2.0,64.64,886
8,2020,3.0,51.06,994
8,2020,4.0,41.835,1170
8,2020,5.0,54.0325,926
8,2020,6.0,52.9475,1261
8,2020,7.0,44.3325,1129
8,2020,8.0,51.05,1127
8,2020,9.0,49.0575,837
8,2020,10.0,42.885,939
8,2020,11.0,40.7675,1413
8,2020,12.0,52.21,950
8,2020,14.0,53.42,640
8,2020,15.0,42.01,870
8,2020,16.0,65.666,682
8,2020,17.0,59.6475,613
8,2020,18.0,49.02,988
8,2020,19.0,59.795,850
8,2020,20.0,65.79,412
8,2020,22.0,57.067499999999995,633
8,2020,24.0,61.41,646
8,2020,25.0,53.85166666666667,1113
8,2021,1.0,53.64,879
8,2021,2.0,55.77,863
8,2021,3.0,54.02,868
8,2021,4.0,51.1425,1145
8,2021,5.0,49.347500000000004,836
8,2021,6.0,53.21,1213
8,2021,7.0,47.8025,930
8,2021,8.0,55.0475,1135
8,2021,9.0,49.6075,851
8,2021,10.0,46.3175,780
8,2021,11.0,42.25,1139
8,2021,12.0,52.105000000000004,917
8,2021,14.0,63.3975,593
8,2021,15.0,58.8975,671
8,2021,16.0,64.55199999999999,678
8,2021,17.0,66.07249999999999,513
8,2021,18.0,51.6725,1077
8,2021,19.0,63.495000000000005,944
8,2021,20.0,66.2675,371
8,2021,22.0,60.739999999999995,549
8,2021,24.0,62.519999999999996,615
8,2021,25.0,53.56,880
9,2018,1.0,66.3625,1272
9,2018,2.0,59.765,971
9,2018,3.0,49.96,1092
9,2018,4.0,52.9375,1204
9,2018,5.0,57.81,996
9,2018,6.0,49.06,1391
9,2018,7.0,51.25,1254
9,2018,8.0,57.2975,1368
9,2018,9.0,51.295,935
9,2018,10.0,45.455,1151
9,2018,11.0,38.9575,1674
9,2018,12.0,61.5025,1193
9,2018,14.0,65.8275,807
9,2018,15.0,50.44,853
9,2018,16.0,72.11,739
9,2018,17.0,67.885,598
9,2018,18.0,69.82,1444
9,2018,19.0,68.665,1159
9,2018,20.0,68.1675,436
9,2018,22.0,62.8625,763
9,2018,24.0,65.0025,683
9,2018,25.0,57.22833333333333,1129
9,2019,1.0,61.8425,1222
9,2019,2.0,60.8,1053
9,2019,3.0,49.7675,1093
9,2019,4.0,49.985,1233
9,2019,5.0,48.22,913
9,2019,6.0,43.6425,1456
9,2019,7.0,54.0925,1207
9,2019,8.0,54.745000000000005,1367
9,2019,9.0,55.260000000000005,976
9,2019,10.0,52.13,1095
9,2019,11.0,42.71,1472
9,2019,12.0,55.63,1245
9,2019,14.0,60.56,809
9,2019,15.0,46.5525,898
9,2019,16.0,68.082,698
9,2019,17.0,68.0725,595
9,2019,18.0,60.54,1207
9,2019,19.0,66.2375,1047
9,2019,20.0,68.0475,351
9,2019,22.0,61.0825,696
9,2019,24.0,65.0325,693
9,2019,25.0,55.199999999999996,1129
9,2020,1.0,52.45,647
9,2020,2.0,60.345,773
9,2020,3.0,43.695,938
9,2020,4.0,48.49,1071
9,2020,5.0,55.1425,886
9,2020,6.0,54.77,1184
9,2020,7.0,50.6925,960
9,2020,8.0,51.545,1055
9,2020,9.0,48.3575,750
9,2020,10.0,49.1075,851
9,2020,11.0,45.4775,1335
9,2020,12.0,52.725,930
9,2020,14.0,56.1075,560
9,2020,15.0,50.25,713
9,2020,16.0,65.304,649
9,2020,17.0,58.8625,565
9,2020,18.0,49.2475,709
9,2020,19.0,61.85,818
9,2020,20.0,67.61,364
9,2020,22.0,57.2325,579
9,2020,24.0,61.837500000000006,619
9,2020,25.0,52.61666666666667,970
9,2021,1.0,51.305,858
9,2021,2.0,51.417500000000004,901
9,2021,3.0,47.2725,953
9,2021,4.0,46.485,1112
9,2021,5.0,47.37,873
9,2021,6.0,50.0675,1160
9,2021,7.0,44.985,888
9,2021,8.0,49.9075,1211
9,2021,9.0,45.5,857
9,2021,10.0,45.6625,863
9,2021,11.0,48.8525,1167
9,2021,12.0,49.5875,1093
9,2021,14.0,63.7675,640
9,2021,15.0,54.46,708
9,2021,16.0,62.620000000000005,723
9,2021,17.0,63.1525,528
9,2021,18.0,48.8375,1122
9,2021,19.0,64.2775,945
9,2021,20.0,61.74,401
9,2021,22.0,58.8,605
9,2021,24.0,63.1725,622
9,2021,25.0,52.97833333333333,933
10,2018,1.0,66.1175,1274
10,2018,2.0,57.442499999999995,993
10,2018,3.0,50.8525,916
10,2018,4.0,50.7825,1245
10,2018,5.0,52.337500000000006,975
10,2018,6.0,50.465,1462
10,2018,7.0,51.9125,1129
10,2018,8.0,58.62,1363
10,2018,9.0,50.1625,944
10,2018,10.0,52.47,1112
10,2018,11.0,36.73,1734
10,2018,12.0,63.677499999999995,1194
10,2018,14.0,64.545,885
10,2018,15.0,49.7125,819
10,2018,16.0,74.498,721
10,2018,17.0,67.81,665
10,2018,18.0,67.62,1362
10,2018,19.0,67.9525,1104
10,2018,20.0,65.6975,479
10,2018,22.0,61.34,656
10,2018,24.0,60.2425,687
10,2018,25.0,56.718333333333334,1128
10,2019,1.0,61.22,1236
10,2019,2.0,56.5175,1015
10,2019,3.0,54.035,1036
10,2019,4.0,52.7525,1149
10,2019,5.0,54.625,949
10,2019,6.0,55.4775,1430
10,2019,7.0,48.4025,1144
10,2019,8.0,58.3,1341
10,2019,9.0,55.7375,895
10,2019,10.0,46.0625,1036
10,2019,11.0,45.5075,1415
10,2019,12.0,57.582499999999996,1123
10,2019,14.0,64.87,846
10,2019,15.0,52.4025,794
10,2019,16.0,68.728,605
10,2019,17.0,68.7325,616
10,2019,18.0,59.4,1287
10,2019,19.0,65.83250000000001,946
10,2019,20.0,64.24,377
10,2019,22.0,62.81,707
10,2019,24.0,63.447500000000005,659
10,2019,25.0,59.080000000000005,1100
10,2020,1.0,51.48,641
10,2020,2.0,59.832499999999996,911
10,2020,3.0,52.9625,897
10,2020,4.0,54.4975,1088
10,2020,5.0,49.0075,958
10,2020,6.0,51.6775,1211
10,2020,7.0,51.09,974
10,2020,8.0,51.3125,1116
10,2020,9.0,50.575,769
10,2020,10.0,49.05,849
10,2020,11.0,38.685,1295
10,2020,12.0,54.2175,995
10,2020,14.0,58.8675,574
10,2020,15.0,56.807500000000005,722
10,2020,16.0,63.624,676
10,2020,17.0,58.3725,535
10,2020,18.0,56.0575,722
10,2020,19.0,64.07249999999999,890
10,2020,20.0,66.65,384
10,2020,22.0,56.5075,642
10,2020,24.0,57.79,627
10,2020,25.0,55.00833333333333,956
10,2021,1.0,49.6775,918
10,2021,2.0,55.697500000000005,906
10,2021,3.0,39.0575,911
10,2021,4.0,48.4075,1072
10,2021,5.0,45.305,789
10,2021,6.0,46.7975,1177
10,2021,7.0,46.3325,931
10,2021,8.0,52.7725,1118
10,2021,9.0,39.8275,886
10,2021,10.0,46.2575,839
10,2021,11.0,48.9875,1087
10,2021,12.0,47.0,1246
10,2021,14.0,60.1,721
10,2021,15.0,54.0625,719
10,2021,16.0,63.096000000000004,626
10,2021,17.0,59.84,564
10,2021,18.0,47.93,1115
10,2021,19.0,62.6575,980
10,2021,20.0,61.32,446
10,2021,22.0,55.4325,644
10,2021,24.0,62.025,614
10,2021,25.0,53.15833333333333,982
11,2018,1.0,64.1625,1147
11,2018,2.0,57.3525,952
11,2018,3.0,53.23,883
11,2018,4.0,58.42,1055
11,2018,5.0,54.3075,877
11,2018,6.0,51.8275,1355
11,2018,7.0,50.985,1119
11,2018,8.0,59.025000000000006,1303
11,2018,9.0,51.58,833
11,2018,10.0,50.9975,1034
11,2018,11.0,43.21,1469
11,2018,12.0,63.1725,1067
11,2018,14.0,65.25750000000001,805
11,2018,15.0,51.65,750
11,2018,16.0,72.35,689
11,2018,17.0,64.05250000000001,578
11,2018,18.0,67.45,1274
11,2018,19.0,69.4225,909
11,2018,20.0,67.6925,412
11,2018,22.0,60.239999999999995,589
11,2018,24.0,61.84,577
11,2018,25.0,54.72833333333333,1015
11,2019,1.0,59.2025,1240
11,2019,2.0,57.5275,823
11,2019,3.0,54.582499999999996,904
11,2019,4.0,49.837500000000006,1066
11,2019,5.0,54.4675,884
11,2019,6.0,56.4025,1311
11,2019,7.0,55.81,1031
11,2019,8.0,63.5275,1271
11,2019,9.0,52.465,852
11,2019,10.0,50.09,923
11,2019,11.0,51.4775,1313
11,2019,12.0,59.0375,1031
11,2019,14.0,61.4675,693
11,2019,15.0,51.35,753
11,2019,16.0,66.80799999999999,671
11,2019,17.0,62.7075,524
11,2019,18.0,59.4725,1189
11,2019,19.0,67.5025,902
11,2019,20.0,67.955,302
11,2019,22.0,61.09,642
11,2019,24.0,68.4325,604
11,2019,25.0,63.596666666666664,1037
11,2020,1.0,53.3225,585
11,2020,2.0,62.037499999999994,820
11,2020,3.0,47.7875,869
11,2020,4.0,51.917500000000004,929
11,2020,5.0,46.9225,805
11,2020,6.0,54.22,1082
11,2020,7.0,50.3975,869
11,2020,8.0,51.14,1054
11,2020,9.0,55.39,686
11,2020,10.0,51.295,738
11,2020,11.0,43.2625,1174
11,2020,12.0,59.175,794
11,2020,14.0,57.4075,555
11,2020,15.0,47.7225,676
11,2020,16.0,61.42,753
11,2020,17.0,62.06,487
11,2020,18.0,57.5275,626
11,2020,19.0,62.5,729
11,2020,20.0,64.98,285
11,2020,22.0,57.457499999999996,629
11,2020,24.0,55.7225,549
11,2020,25.0,61.461666666666666,931
11,2021,1.0,55.0025,832
11,2021,2.0,52.28,892
11,2021,3.0,41.765,844
11,2021,4.0,48.8375,946
11,2021,5.0,46.3125,739
11,2021,6.0,45.0375,1084
11,2021,7.0,45.5725,746
11,2021,8.0,54.8125,1084
11,2021,9.0,40.94,774
11,2021,10.0,49.2375,690
11,2021,11.0,48.6525,913
11,2021,12.0,50.9,1032
11,2021,14.0,62.67,626
11,2021,15.0,60.6475,591
11,2021,16.0,63.86800000000001,617
11,2021,17.0,61.955,552
11,2021,18.0,53.16,958
11,2021,19.0,61.935,905
11,2021,20.0,64.55,378
11,2021,22.0,55.4625,595
11,2021,24.0,61.552499999999995,620
11,2021,25.0,56.10333333333333,942
12,2018,1.0,66.5775,1338
12,2018,2.0,59.3425,871
12,2018,3.0,48.4,1009
12,2018,4.0,58.152499999999996,1198
12,2018,5.0,54.5625,967
12,2018,6.0,51.317499999999995,1337
12,2018,7.0,56.3675,1108
12,2018,8.0,59.235,1328
12,2018,9.0,47.69,855
12,2018,10.0,48.24,1012
12,2018,11.0,47.0275,1471
12,2018,12.0,62.3,1089
12,2018,14.0,67.9725,874
12,2018,15.0,57.4375,793
12,2018,16.0,68.232,801
12,2018,17.0,64.2625,681
12,2018,18.0,69.3775,1396
12,2018,19.0,70.2325,1081
12,2018,20.0,70.445,399
12,2018,22.0,62.935,645
12,2018,24.0,60.9525,623
12,2018,25.0,58.89666666666667,1121
12,2019,1.0,66.6625,1227
12,2019,2.0,56.417500000000004,849
12,2019,3.0,55.807500000000005,965
12,2019,4.0,50.557500000000005,1130
12,2019,5.0,51.855000000000004,877
12,2019,6.0,54.8325,1289
12,2019,7.0,52.9775,1080
12,2019,8.0,60.6225,1276
12,2019,9.0,52.8575,915
12,2019,10.0,53.3725,967
12,2019,11.0,48.7675,1396
12,2019,12.0,56.5375,1059
12,2019,14.0,61.1375,785
12,2019,15.0,50.19,790
12,2019,16.0,68.562,679
12,2019,17.0,61.485,526
12,2019,18.0,65.03,1225
12,2019,19.0,66.02,1007
12,2019,20.0,68.5625,334
12,2019,22.0,61.22,678
12,2019,24.0,64.42,701
12,2019,25.0,63.651666666666664,1045
12,2020,1.0,50.4625,576
12,2020,2.0,58.692499999999995,750
12,2020,3.0,51.215,860
12,2020,4.0,51.474999999999994,988
12,2020,5.0,51.885,789
12,2020,6.0,54.28,1023
12,2020,7.0,41.1175,851
12,2020,8.0,51.197500000000005,1077
12,2020,9.0,52.67,737
12,2020,10.0,50.9075,739
12,2020,11.0,46.2475,1082
12,2020,12.0,57.0875,798
12,2020,14.0,63.095,507
12,2020,15.0,40.6825,617
12,2020,16.0,61.782,814
12,2020,17.0,65.36,471
12,2020,18.0,58.4075,602
12,2020,19.0,62.3675,710
12,2020,20.0,64.2075,341
12,2020,22.0,56.0975,639
12,2020,24.0,59.1525,554
12,2020,25.0,59.08166666666667,958
12,2021,1.0,54.91,879
12,2021,2.0,53.8825,846
12,2021,3.0,43.8625,860
12,2021,4.0,47.567499999999995,1042
12,2021,5.0,50.97,761
12,2021,6.0,47.57,1076
12,2021,7.0,47.95,721
12,2021,8.0,56.3375,1103
12,2021,9.0,50.4725,753
12,2021,10.0,48.77,747
12,2021,11.0,51.0375,884
12,2021,12.0,56.0,987
12,2021,14.0,61.57,537
12,2021,15.0,58.69,631
12,2021,16.0,66.446,634
12,2021,17.0,60.435,498
12,2021,18.0,58.885,933
12,2021,19.0,59.7525,858
12,2021,20.0,63.8225,339
12,2021,22.0,55.245000000000005,561
12,2021,24.0,59.86,676
12,2021,25.0,58.19,922
